704893 333.882541667 -17.7351666667 i 52795.5802196
704895 333.886333333 -17.7371111111 i 52795.5894142
704896 333.888375 -17.7332222222 i 52795.5960833
704897 333.884583333 -17.7315833333 i 52795.6028804
705197 333.881375 -17.7351944444 i 52796.5804880
705198 333.882833333 -17.7393611111 i 52796.5881305
705199 333.88575 -17.7365833333 i 52796.5955167
705308 333.882541667 -17.7346666667 r 52797.5826911
705309 333.879583333 -17.7355277778 r 52797.5878048
705310 333.883416667 -17.7374166667 r 52797.5929098
705311 333.885458333 -17.7337777778 r 52797.5980427
705312 333.881666667 -17.7318333333 r 52797.6031454
707183 333.881958333 -17.7348888889 i 52812.5482544
707184 333.879 -17.7357222222 i 52812.5552685
707186 333.884833333 -17.7340555556 i 52812.5692938
707491 333.881666667 -17.7351666667 r 52814.5385314
707492 333.881666667 -17.7351944444 r 52814.5445924
707493 333.87875 -17.7360277778 r 52814.5497449
707494 333.882541667 -17.7379444444 r 52814.5548945
707495 333.884583333 -17.7343611111 r 52814.5600545
707496 333.880791667 -17.7323888889 r 52814.5652522
707695 333.881375 -17.7355 i 52816.5470820
707696 333.878416667 -17.7363055556 i 52816.5540660
707697 333.88225 -17.73825 i 52816.5610575
707698 333.884291667 -17.7346111111 i 52816.5680629
707699 333.8805 -17.7326944444 i 52816.5750452
707700 333.879333333 -17.7335277778 i 52816.5820350
707701 333.883416667 -17.7373888889 i 52816.5890288
707907 333.881958333 -17.7343611111 r 52818.5617555
707908 333.879041667 -17.7351388889 r 52818.5669004
707909 333.882833333 -17.7371111111 r 52818.5720205
707910 333.884875 -17.7335277778 r 52818.5772303
707911 333.881083333 -17.7315833333 r 52818.5825541
708123 333.87925 -17.7346111111 i 52820.5616255
708124 333.876375 -17.7354722222 i 52820.5686349
708125 333.880166667 -17.7374166667 i 52820.5756293
708126 333.882208333 -17.7337777778 i 52820.5826075
708127 333.878416667 -17.7318611111 i 52820.5896129
708128 333.87725 -17.7326944444 i 52820.5966108
708129 333.881333333 -17.7365833333 i 52820.6036272
708509 333.881375 -17.7351666667 i 52824.5312998
708510 333.878458333 -17.7360833333 i 52824.5382254
708511 333.88225 -17.7379722222 i 52824.5451613
708512 333.884291667 -17.7343611111 i 52824.5521280
708513 333.8805 -17.7323888889 i 52824.5591409
708514 333.879333333 -17.73325 i 52824.5661145
708515 333.883416667 -17.7371111111 i 52824.5730857
711784 333.881375 -17.7351944444 i 52842.4893887
711785 333.878458333 -17.7360555556 i 52842.4965029
711786 333.88225 -17.738 i 52842.5036189
711787 333.884291667 -17.7343333333 i 52842.5107579
711788 333.880458333 -17.7323888889 i 52842.5178710
711789 333.879333333 -17.73325 i 52842.5249875
711790 333.883416667 -17.7371388889 i 52842.5321184
711791 333.881375 -17.7352222222 r 52842.5403489
711792 333.878458333 -17.736 r 52842.5456235
711793 333.88225 -17.7379722222 r 52842.5508906
711794 333.884291667 -17.7343888889 r 52842.5561860
711795 333.8805 -17.7324444444 r 52842.5614936
712705 333.881375 -17.7349444444 i 52851.4648362
712706 333.878458333 -17.7357777778 i 52851.4719302
712707 333.88225 -17.73775 i 52851.4790177
712708 333.88425 -17.7340833333 i 52851.4861192
712709 333.8805 -17.7320833333 i 52851.4932062
712710 333.879333333 -17.7329166667 i 52851.5003441
712711 333.883375 -17.7368333333 i 52851.5074525
712718 333.881375 -17.7349166667 r 52851.5364359
712719 333.878458333 -17.73575 r 52851.5416885
712721 333.878458333 -17.73575 r 52851.5547670
712722 333.884291667 -17.7340833333 r 52851.5600144
712723 333.8805 -17.7320555556 r 52851.5652560
712891 333.881666667 -17.7352222222 r 52852.4915941
712892 333.87875 -17.7360277778 r 52852.4987951
712893 333.882541667 -17.738 r 52852.5040553
712894 333.884583333 -17.7343611111 r 52852.5093125
712895 333.880791667 -17.7324166667 r 52852.5145373
714505 333.881625 -17.7352222222 i 52872.4300096
714506 333.877291667 -17.7364722222 i 52872.4376371
714507 333.882958333 -17.7393333333 i 52872.4451962
714508 333.886041667 -17.7339166667 i 52872.4528318
714509 333.880333333 -17.7310277778 i 52872.4605379
714511 333.878625 -17.7321944444 i 52872.4752223
714512 333.884708333 -17.7381388889 i 52872.4829267
714513 333.880333333 -17.7310277778 i 52872.4919777
714734 333.881375 -17.7348611111 r 52873.4170719
714735 333.877 -17.7362222222 r 52873.4227018
714736 333.882666667 -17.7390555556 r 52873.4283271
714737 333.88575 -17.7336666667 r 52873.4340987
714738 333.880041667 -17.7307222222 r 52873.4398189
715199 333.881375 -17.73525 r 52876.4295416
715200 333.877 -17.7364166667 r 52876.4351466
715201 333.882666667 -17.7393333333 r 52876.4407927
715202 333.88575 -17.7339722222 r 52876.4464284
715203 333.880041667 -17.7310277778 r 52876.4520409
715205 333.881375 -17.7351666667 i 52876.4612985
715206 333.877 -17.7364444444 i 52876.4688102
715207 333.882708333 -17.7393611111 i 52876.4762537
715208 333.88575 -17.7338888889 i 52876.4836705
715209 333.880083333 -17.7310277778 i 52876.4911070
715210 333.878291667 -17.7323055556 i 52876.4985516
715211 333.884416667 -17.7381388889 i 52876.5059927
715698 333.881958333 -17.7343055556 i 52880.3680929
715699 333.881958333 -17.7343333333 i 52880.3790987
715700 333.877583333 -17.7356111111 i 52880.3857551
715712 333.881958333 -17.7343333333 r 52880.4390784
715713 333.877583333 -17.7355833333 r 52880.4438484
715714 333.883291667 -17.7385277778 r 52880.4486178
715715 333.886333333 -17.7330833333 r 52880.4533780
715716 333.880625 -17.7301666667 r 52880.4581375
715780 333.88225 -17.7351944444 i 52881.3484861
715781 333.877875 -17.7364444444 i 52881.3551269
715782 333.883541667 -17.7393611111 i 52881.3617596
715783 333.886625 -17.7339444444 i 52881.3683935
715784 333.880916667 -17.7310555556 i 52881.3750308
715786 333.879166667 -17.7323333333 i 52881.3964196
715787 333.885291667 -17.7381388889 i 52881.4030263
716120 333.882541667 -17.7346388889 i 52885.4420270
716121 333.878166667 -17.7358611111 i 52885.4486510
716122 333.883833333 -17.7388333333 i 52885.4552786
716123 333.886916667 -17.7333611111 i 52885.4619124
716124 333.881208333 -17.7304444444 i 52885.4685486
716125 333.879458333 -17.7316944444 i 52885.4751715
716126 333.885583333 -17.7375277778 i 52885.4818083
716128 333.882541667 -17.7346388889 r 52885.4936768
716129 333.878166667 -17.7358611111 r 52885.4984537
716130 333.883875 -17.7388055556 r 52885.5032411
716131 333.886916667 -17.7333888889 r 52885.5080244
716132 333.88125 -17.7305 r 52885.5128111
716302 333.881208333 -17.7310833333 r 52886.3743703
718503 333.881375 -17.7354722222 r 52900.4133965
718504 333.877 -17.73675 r 52900.4181583
718505 333.882666667 -17.7396388889 r 52900.4229162
718506 333.88575 -17.7341944444 r 52900.4276717
718507 333.880041667 -17.7312777778 r 52900.4324295
718766 333.881958333 -17.7349166667 r 52904.3628419
718767 333.877583333 -17.7361388889 r 52904.3676009
718768 333.88325 -17.7390555556 r 52904.3723697
718769 333.886333333 -17.7336666667 r 52904.3771391
718770 333.880625 -17.7307777778 r 52904.3819039
719285 333.88225 -17.7351944444 r 52908.3064077
719286 333.88225 -17.7352222222 r 52908.3199336
719287 333.877875 -17.7364444444 r 52908.3246983
719288 333.883541667 -17.7393333333 r 52908.3294666
719289 333.886625 -17.7339444444 r 52908.3342377
719290 333.880916667 -17.7310277778 r 52908.3390060
720366 333.881958333 -17.7343333333 r 52916.2490504
720367 333.877541667 -17.7356111111 r 52916.2538597
720368 333.88325 -17.7385277778 r 52916.2586297
720369 333.886333333 -17.7331111111 r 52916.2634095
720370 333.880625 -17.7301944444 r 52916.2681806
720371 333.881916667 -17.7343611111 r 52916.2730536
723273 333.881375 -17.7349166667 i 52929.2997514
723274 333.876958333 -17.7361666667 i 52929.3063737
723275 333.882666667 -17.7390833333 i 52929.3129972
723276 333.88575 -17.7336666667 i 52929.3196183
723277 333.880041667 -17.7307222222 i 52929.3262435
723278 333.878291667 -17.732 i 52929.3328722
723279 333.884416667 -17.7378055556 i 52929.3394916
723281 333.877 -17.7361944444 i 52929.3547639
723283 333.876958333 -17.7361666667 i 52929.3665508
723284 333.882666667 -17.7390833333 i 52929.3731766
723370 333.881666667 -17.7343611111 r 52930.2537236
723373 333.881666667 -17.7343333333 r 52930.2954309
723374 333.877291667 -17.7356111111 r 52930.3001962
723375 333.882958333 -17.7385277778 r 52930.3104838
723376 333.886041667 -17.7331111111 r 52930.3152579
723377 333.880333333 -17.7301944444 r 52930.3200302
723379 333.877291667 -17.7355833333 r 52930.3301413
723380 333.883 -17.7385277778 r 52930.3349165
723381 333.886041667 -17.7331111111 r 52930.3396870
723382 333.880333333 -17.7301666667 r 52930.3444518
723704 333.881958333 -17.7355 i 52934.2866049
723705 333.877583333 -17.7367222222 i 52934.2932127
723706 333.883291667 -17.7396388889 i 52934.2998246
723707 333.886333333 -17.7341944444 i 52934.3064278
723708 333.880666667 -17.7313055556 i 52934.3130345
723710 333.885041667 -17.7383888889 i 52934.3262467
723711 333.881958333 -17.7354722222 r 52934.3336635
723713 333.881916667 -17.7355 r 52934.3456588
723714 333.877583333 -17.7367222222 r 52934.3504206
723715 333.883291667 -17.7396666667 r 52934.3551733
723716 333.886333333 -17.7342222222 r 52934.3599247
723717 333.880625 -17.7313055556 r 52934.3646762
724192 333.881375 -17.7349166667 i 52938.2373743
724193 333.877 -17.7361666667 i 52938.2439747
724194 333.882666667 -17.7390833333 i 52938.2505756
724195 333.88575 -17.7336666667 i 52938.2571782
724196 333.880041667 -17.73075 i 52938.2637866
724197 333.878291667 -17.732 i 52938.2703858
724198 333.884458333 -17.7378333333 i 52938.2769878
724206 333.881375 -17.7348611111 r 52938.3199738
724208 333.881375 -17.7349166667 r 52938.3354729
724209 333.877 -17.7361666667 r 52938.3402215
724210 333.882708333 -17.7390833333 r 52938.3449706
724211 333.88575 -17.7336666667 r 52938.3497186
724212 333.880083333 -17.73075 r 52938.3544678
724339 333.881375 -17.7354722222 r 52939.2439028
724340 333.877 -17.7367222222 r 52939.2486601
724342 333.882666667 -17.7395833333 r 52939.2596444
724343 333.88575 -17.73425 r 52939.2644022
724344 333.880041667 -17.7313055556 r 52939.2691716
724728 333.881666667 -17.7351944444 r 52942.2728048
724729 333.877291667 -17.7364444444 r 52942.2775563
724730 333.883 -17.7393611111 r 52942.2823049
724731 333.886041667 -17.7339444444 r 52942.2870546
724732 333.880333333 -17.7310277778 r 52942.2918032
727433 333.881375 -17.7351666667 r 52962.2083346
727434 333.876958333 -17.7435277778 r 52962.2174759
727435 333.882833333 -17.7601666667 r 52962.2222433
727436 333.88575 -17.7268611111 r 52962.2288363
727437 333.879875 -17.7102222222 r 52962.2339217
727439 333.881375 -17.7351388889 i 52962.2438613
727440 333.876958333 -17.7435277778 i 52962.2504649
727441 333.882791667 -17.7601944444 i 52962.2570683
727442 333.88575 -17.7268333333 i 52962.2637182
727443 333.879875 -17.7101944444 i 52962.2703623
727444 333.878458333 -17.7185277778 i 52962.2769790
727445 333.884291667 -17.7518888889 i 52962.2835811
727644 333.879166667 -17.4833333333 i 52964.2732903
727645 333.879166667 -17.9833333333 i 52964.2786804
750434 333.881666667 -17.7351944444 i 53173.5073198
750435 333.87525 -17.7435277778 i 53173.5139260
750436 333.884 -17.7601944444 i 53173.5205426
750437 333.888041667 -17.7268611111 i 53173.5272228
750438 333.879291667 -17.7101944444 i 53173.5338422
750439 333.877291667 -17.7185 i 53173.5404599
750440 333.886041667 -17.7518611111 i 53173.5470856
750441 333.881666667 -17.7351944444 r 53173.5544787
750442 333.87525 -17.7435277778 r 53173.5585368
750443 333.884 -17.7601944444 r 53173.5626019
750444 333.888083333 -17.7268611111 r 53173.5666971
750445 333.879333333 -17.7101666667 r 53173.5707543
750792 333.881625 -17.7351944444 i 53176.5235338
750793 333.87525 -17.7435277778 i 53176.5301648
750794 333.884 -17.7601944444 i 53176.5367819
750795 333.888083333 -17.7268333333 i 53176.5433904
750796 333.879333333 -17.7101944444 i 53176.5499965
750797 333.877291667 -17.7185277778 i 53176.5566072
750798 333.886041667 -17.7518333333 i 53176.5632162
750799 333.881666667 -17.7351944444 r 53176.5705931
750800 333.87525 -17.7435277778 r 53176.5746577
750801 333.884 -17.7601944444 r 53176.5787199
750802 333.888083333 -17.7268611111 r 53176.5827880
750803 333.879333333 -17.7101944444 r 53176.5868491
751093 333.881375 -17.7354722222 i 53180.5200449
751094 333.874958333 -17.7438333333 i 53180.5266452
751095 333.883666667 -17.7604722222 i 53180.5332537
751096 333.887791667 -17.7271388889 i 53180.5398546
751097 333.879041667 -17.7104722222 i 53180.5464549
751098 333.877 -17.7188055556 i 53180.5530824
751099 333.88575 -17.7521388889 i 53180.5596856
751101 333.881375 -17.7354722222 r 53180.5712087
751102 333.874958333 -17.7438055556 r 53180.5752727
751103 333.883708333 -17.7604444444 r 53180.5793483
751104 333.887791667 -17.7271388889 r 53180.5834244
751105 333.879041667 -17.7104722222 r 53180.5874989
753680 333.882541667 -17.7351944444 i 53195.4963426
753681 333.876125 -17.7435 i 53195.5030760
753682 333.884875 -17.7601944444 i 53195.5098962
753683 333.888958333 -17.7268611111 i 53195.5168403
753684 333.880208333 -17.7102222222 i 53195.5246512
753685 333.878166667 -17.7185277778 i 53195.5313313
753686 333.886916667 -17.7518611111 i 53195.5380971
753687 333.8825 -17.7351944444 r 53195.5454700
753688 333.876083333 -17.7435277778 r 53195.5503146
753689 333.884833333 -17.7601944444 r 53195.5554856
753690 333.888958333 -17.7268888889 r 53195.5597881
753691 333.880166667 -17.7101944444 r 53195.5643283
754017 333.881666667 -17.7351944444 i 53198.4940983
754018 333.87525 -17.7435277778 i 53198.4988833
754019 333.884 -17.7601944444 i 53198.5043610
754020 333.888083333 -17.7268611111 i 53198.5091160
754021 333.879333333 -17.7101944444 i 53198.5144750
754022 333.881666667 -17.7352222222 r 53198.5200465
754023 333.87525 -17.7435277778 r 53198.5241695
754024 333.884 -17.7601666667 r 53198.5283220
754025 333.888083333 -17.7268611111 r 53198.5323872
754026 333.879333333 -17.7101944444 r 53198.5364495
754641 333.881958333 -17.7343888889 i 53203.4871529
754642 333.875541667 -17.7426944444 i 53203.4919686
754643 333.884291667 -17.7593888889 i 53203.4968022
754644 333.888375 -17.726 i 53203.5015519
754645 333.879625 -17.7093888889 i 53203.5064284
754647 333.884291667 -17.7593611111 i 53203.5159979
754648 333.888375 -17.7260277778 i 53203.5209738
754649 333.879625 -17.7093611111 i 53203.5261211
754651 333.881916667 -17.7343611111 r 53203.5359782
754652 333.875541667 -17.7426944444 r 53203.5400335
754653 333.884291667 -17.7593333333 r 53203.5443979
754654 333.888375 -17.7260277778 r 53203.5484810
754655 333.879583333 -17.7093611111 r 53203.5525542
755427 333.882541667 -17.7351666667 i 53209.5337326
755428 333.876125 -17.7435277778 i 53209.5384869
755429 333.884875 -17.7601944444 i 53209.5432569
755430 333.888958333 -17.7268333333 i 53209.5480315
755431 333.880208333 -17.7101944444 i 53209.5528044
755432 333.882541667 -17.7351944444 r 53209.5583862
755433 333.876125 -17.7435277778 r 53209.5624502
755434 333.884875 -17.7601944444 r 53209.5665096
755435 333.888958333 -17.7268611111 r 53209.5705736
755436 333.880208333 -17.7101944444 r 53209.5746399
756854 333.881625 -17.7346388889 r 53224.5814806
756855 333.87525 -17.7429722222 r 53224.5855399
756856 333.884 -17.7596388889 r 53224.5896202
756857 333.888041667 -17.7263333333 r 53224.5936761
756858 333.879291667 -17.7096388889 r 53224.5977302
757143 333.882208333 -17.7346388889 r 53227.4902291
757144 333.875791667 -17.7429722222 r 53227.4943163
757145 333.884541667 -17.7596388889 r 53227.4984110
757147 333.875791667 -17.7429722222 r 53227.5077374
757148 333.884541667 -17.7596388889 r 53227.5118263
757149 333.888583333 -17.7263055556 r 53227.5159041
757150 333.879875 -17.7096388889 r 53227.5199755
757720 333.882541667 -17.7354722222 r 53231.4993949
757721 333.876125 -17.7438055556 r 53231.5034745
757722 333.884833333 -17.7604722222 r 53231.5075605
757723 333.888958333 -17.7271666667 r 53231.5116419
757724 333.880166667 -17.7104444444 r 53231.5157308
758044 333.882541667 -17.7351944444 r 53234.5004772
758045 333.876125 -17.7435277778 r 53234.5045933
758047 333.884875 -17.7601944444 r 53234.5133428
758048 333.888958333 -17.7268888889 r 53234.5174132
758049 333.880208333 -17.7101944444 r 53234.5214905
758994 333.8825 -17.7351944444 r 53239.4514376
758995 333.876083333 -17.7435 r 53239.4555184
758996 333.884833333 -17.7601944444 r 53239.4595986
758997 333.888916667 -17.7268611111 r 53239.4636834
758998 333.880166667 -17.7102222222 r 53239.4677544
760568 333.882541667 -17.7351944444 i 53253.3725674
760569 333.876125 -17.7435277778 i 53253.3791747
760570 333.884833333 -17.7601944444 i 53253.3857866
760571 333.888916667 -17.7268611111 i 53253.3923921
760572 333.880166667 -17.7101666667 i 53253.3990028
760573 333.878166667 -17.7185555556 i 53253.4056142
760574 333.886916667 -17.7518611111 i 53253.4122220
760575 333.8825 -17.7351944444 r 53253.4196556
760576 333.876125 -17.7435277778 r 53253.4237208
760578 333.884875 -17.7601944444 r 53253.4348104
760579 333.888916667 -17.7268611111 r 53253.4388686
760580 333.880166667 -17.7101944444 r 53253.4429269
761158 333.881666667 -17.7351944444 i 53258.3703078
761159 333.87525 -17.7435555556 i 53258.3769168
761160 333.884 -17.7601944444 i 53258.3835368
761161 333.888083333 -17.7268611111 i 53258.3901718
761162 333.879333333 -17.7102222222 i 53258.3968242
761163 333.877291667 -17.7185277778 i 53258.4044228
761164 333.886041667 -17.7518611111 i 53258.4110208
761171 333.881666667 -17.7351944444 r 53258.4400411
761172 333.87525 -17.7435277778 r 53258.4441190
761173 333.884 -17.7601944444 r 53258.4481709
761174 333.888083333 -17.7268611111 r 53258.4522337
761175 333.879291667 -17.7101944444 r 53258.4563006
761638 333.881666667 -17.7343888889 i 53262.3069448
761639 333.87525 -17.74275 i 53262.3116985
761640 333.884 -17.7593611111 i 53262.3164882
761641 333.888083333 -17.726 i 53262.3212680
761642 333.879333333 -17.7093611111 i 53262.3260542
761643 333.881666667 -17.7343611111 r 53262.3316835
761644 333.87525 -17.7426944444 r 53262.3357486
761645 333.883958333 -17.7593611111 r 53262.3397970
761646 333.888041667 -17.7260277778 r 53262.3438621
761647 333.879333333 -17.7093611111 r 53262.3479243
762208 333.882541667 -17.7351944444 i 53266.2959531
762209 333.876083333 -17.7435277778 i 53266.3007480
762210 333.884875 -17.7601944444 i 53266.3055318
762211 333.888916667 -17.7268611111 i 53266.3103169
762212 333.880208333 -17.7101944444 i 53266.3150926
762213 333.882541667 -17.7351944444 r 53266.3207225
762214 333.876125 -17.7435277778 r 53266.3248259
762215 333.884875 -17.7601944444 r 53266.3289049
762216 333.888958333 -17.7268611111 r 53266.3329874
762217 333.880208333 -17.7101944444 r 53266.3370676
762683 333.881666667 -17.7346666667 i 53270.2846917
762684 333.87525 -17.7429722222 i 53270.2913233
762685 333.884 -17.7596111111 i 53270.2979537
762686 333.888083333 -17.7263055556 i 53270.3045887
762687 333.879333333 -17.7096388889 i 53270.3112214
762688 333.877333333 -17.7179722222 i 53270.3178542
762689 333.886041667 -17.7513055556 i 53270.3244886
762690 333.881666667 -17.7346388889 r 53270.3319280
762692 333.87525 -17.7429444444 r 53270.3420299
762693 333.884 -17.7596388889 r 53270.3461095
762694 333.888083333 -17.7263055556 r 53270.3501995
762695 333.879333333 -17.7096388889 r 53270.3542977
764757 333.881375 -17.7351944444 i 53283.2270652
764758 333.874958333 -17.7435 i 53283.2337350
764759 333.883708333 -17.7601944444 i 53283.2407977
764760 333.887791667 -17.7268611111 i 53283.2475895
764761 333.879041667 -17.7101944444 i 53283.2543588
764762 333.877 -17.7185277778 i 53283.2610859
764763 333.88575 -17.7518333333 i 53283.2678766
764765 333.881375 -17.7351944444 r 53283.2829498
764767 333.881375 -17.7351944444 r 53283.2968356
764768 333.874958333 -17.7435277778 r 53283.3012971
764769 333.883666667 -17.7602222222 r 53283.3054393
764770 333.887791667 -17.7268888889 r 53283.3099512
764771 333.879041667 -17.7101944444 r 53283.3141390
765111 333.882541667 -17.7352222222 i 53287.2795497
765112 333.876125 -17.7435277778 i 53287.2848145
765113 333.884875 -17.7601944444 i 53287.2901655
765114 333.888958333 -17.7268611111 i 53287.2954111
765115 333.880208333 -17.7101944444 i 53287.3006608
765116 333.882541667 -17.7352222222 r 53287.3065355
765117 333.876125 -17.7435277778 r 53287.3111052
765118 333.884875 -17.7601944444 r 53287.3155026
765119 333.888958333 -17.7268611111 r 53287.3198906
765120 333.880166667 -17.7101944444 r 53287.3243325
765583 333.881375 -17.7351944444 i 53293.2137280
765584 333.874958333 -17.7435277778 i 53293.2203422
765585 333.883708333 -17.7601944444 i 53293.2269610
765586 333.88775 -17.7268611111 i 53293.2335764
765587 333.879041667 -17.7102222222 i 53293.2401842
765589 333.877 -17.7185277778 i 53293.2527541
765590 333.88575 -17.7518888889 i 53293.2593539
765591 333.879041667 -17.7101944444 i 53293.2664177
765592 333.881375 -17.7351944444 r 53293.2738554
765593 333.874916667 -17.7435277778 r 53293.2779246
765594 333.883666667 -17.7601944444 r 53293.2819950
765595 333.88775 -17.7268611111 r 53293.2860532
765596 333.879041667 -17.7101944444 r 53293.2901091
765912 333.881958333 -17.7354722222 i 53296.2101493
765913 333.875541667 -17.7438055556 i 53296.2148938
765914 333.884291667 -17.7604722222 i 53296.2196436
765915 333.888375 -17.7271388889 i 53296.2243979
765916 333.879583333 -17.7104722222 i 53296.2291691
765917 333.881958333 -17.7354722222 r 53296.2347671
765918 333.8755 -17.7438055556 r 53296.2388427
765919 333.88425 -17.7604722222 r 53296.2435890
765920 333.888333333 -17.7271388889 r 53296.2476680
765923 333.88425 -17.7604722222 r 53296.2601685
765924 333.888333333 -17.7271111111 r 53296.2642493
765925 333.879583333 -17.7105 r 53296.2683278
766107 333.8825 -17.7351944444 r 53297.2139008
766108 333.876125 -17.7435555556 r 53297.2179694
766109 333.884875 -17.7601944444 r 53297.2220392
766110 333.888958333 -17.7268611111 r 53297.2261084
766111 333.880208333 -17.7101944444 r 53297.2301886
767600 333.882541667 -17.7351944444 i 53312.2031210
767601 333.876125 -17.7435277778 i 53312.2097230
767602 333.884875 -17.7601944444 i 53312.2163228
767603 333.888958333 -17.7268888889 i 53312.2229329
767604 333.880208333 -17.7102222222 i 53312.2314099
767605 333.878166667 -17.7185277778 i 53312.2380131
767606 333.886916667 -17.7518611111 i 53312.2446192
767607 333.882541667 -17.7351666667 r 53312.2521685
767608 333.876125 -17.7435277778 r 53312.2564490
767609 333.884875 -17.7601944444 r 53312.2605269
767610 333.888958333 -17.7268611111 r 53312.2645787
767611 333.880208333 -17.7101944444 r 53312.2686317
767612 333.882541667 -17.7351944444 r 53312.2730528
767613 333.876125 -17.7435277778 r 53312.2771272
767614 333.884875 -17.7601666667 r 53312.2812311
767615 333.888958333 -17.7268611111 r 53312.2852974
767616 333.880208333 -17.7101944444 r 53312.2893504
767617 333.878166667 -17.7185277778 i 53312.2951470
767618 333.886916667 -17.7518333333 i 53312.3017490
767741 333.881375 -17.7343333333 i 53315.2460965
767758 333.881375 -17.7343611111 i 53315.2886872
767919 333.881666667 -17.7346388889 i 53317.2023683
767920 333.87525 -17.7429722222 i 53317.2082123
767921 333.884 -17.7596388889 i 53317.2130616
767922 333.888083333 -17.7263055556 i 53317.2179699
767923 333.879291667 -17.7096111111 i 53317.2228301
767925 333.881666667 -17.7346388889 r 53317.2323076
767926 333.87525 -17.7429722222 r 53317.2364358
767927 333.884 -17.7596388889 r 53317.2404819
767928 333.888083333 -17.7263055556 r 53317.2445326
767929 333.879333333 -17.7096388889 r 53317.2487910
768936 333.881375 -17.7351666667 i 53321.2027591
768937 333.874958333 -17.7435 i 53321.2095962
768938 333.883708333 -17.7601944444 i 53321.2170940
768939 333.887791667 -17.7268611111 i 53321.2237481
768940 333.879041667 -17.7101944444 i 53321.2303438
768942 333.879041667 -17.7101944444 i 53321.2420972
768943 333.877 -17.7185277778 i 53321.2486865
768944 333.885708333 -17.7518611111 i 53321.2556670
768945 333.881375 -17.7351944444 r 53321.2631000
768946 333.874916667 -17.7435277778 r 53321.2671490
768947 333.883708333 -17.7601944444 r 53321.2711951
768949 333.887791667 -17.7268611111 r 53321.2804966
768950 333.879 -17.7101666667 r 53321.2845548
769907 333.882541667 -17.7354722222 i 53331.2003439
769908 333.876125 -17.7438055556 i 53331.2069489
769909 333.884875 -17.7604722222 i 53331.2135584
769910 333.888958333 -17.7271388889 i 53331.2201738
769911 333.880208333 -17.7104722222 i 53331.2267915
769912 333.878166667 -17.7188055556 i 53331.2333993
769913 333.886916667 -17.7521388889 i 53331.2400025
773373 333.881375 -17.7354444444 i 53345.2062845
773374 333.874958333 -17.7438055556 i 53345.2136498
773375 333.883666667 -17.7604722222 i 53345.2202704
773376 333.887791667 -17.7271388889 i 53345.2268800
773377 333.879 -17.7104722222 i 53345.2337239
773378 333.876958333 -17.7188333333 i 53345.2403833
773379 333.885666667 -17.7521388889 i 53345.2470588
773596 333.881958333 -17.7349166667 r 53350.2076791
773597 333.875541667 -17.74325 r 53350.2117524
773598 333.884291667 -17.7599166667 r 53350.2158297
773599 333.888375 -17.7265555556 r 53350.2199701
773600 333.879625 -17.7099444444 r 53350.2240491
796919 333.881958333 -17.7343611111 r 53529.5779778
796920 333.875541667 -17.7426666667 r 53529.5820192
796921 333.884291667 -17.7593611111 r 53529.5860641
796922 333.888375 -17.726 r 53529.5901084
796923 333.879625 -17.7093611111 r 53529.5941516
796924 333.881958333 -17.7343611111 r 53529.5982567
796925 333.875541667 -17.7426944444 r 53529.6022981
797002 333.881958333 -17.7354722222 i 53530.5324633
797003 333.875541667 -17.7438055556 i 53530.5390660
797004 333.884291667 -17.7605 i 53530.5456536
797005 333.888375 -17.7271388889 i 53530.5522429
797006 333.879625 -17.7104722222 i 53530.5588311
797007 333.877583333 -17.7188055556 i 53530.5654238
797008 333.886333333 -17.7521111111 i 53530.5720109
797009 333.881958333 -17.7354722222 r 53530.5796296
797010 333.875541667 -17.7438333333 r 53530.5836716
797011 333.884291667 -17.7604722222 r 53530.5877125
797012 333.888333333 -17.7271388889 r 53530.5917551
797013 333.879625 -17.7104722222 r 53530.5957948
797718 333.8825 -17.7354722222 i 53535.5201800
797719 333.876083333 -17.7438055556 i 53535.5294666
797720 333.884875 -17.7604722222 i 53535.5342864
797721 333.888958333 -17.7271388889 i 53535.5390257
797722 333.880208333 -17.7105 i 53535.5437679
797723 333.882541667 -17.7354722222 r 53535.5494308
797724 333.876083333 -17.7438055556 r 53535.5534855
797725 333.884833333 -17.7604722222 r 53535.5575298
797726 333.888958333 -17.7271388889 r 53535.5615736
797727 333.880208333 -17.7104722222 r 53535.5656214
800770 333.881958333 -17.7349166667 i 53550.5090208
800771 333.875541667 -17.74325 i 53550.5156171
800772 333.884291667 -17.7599166667 i 53550.5222105
800773 333.888375 -17.7265833333 i 53550.5288027
800774 333.879625 -17.7099166667 i 53550.5354007
800775 333.877583333 -17.71825 i 53550.5419952
800776 333.886333333 -17.7515833333 i 53550.5485904
800855 333.881666667 -17.7343611111 r 53551.5745647
800856 333.87525 -17.7426944444 r 53551.5786703
800857 333.884 -17.7593611111 r 53551.5827870
800858 333.888083333 -17.7260277778 r 53551.5868811
800859 333.879333333 -17.7093611111 r 53551.5909764
801461 333.881666667 -17.7351944444 i 53554.5413141
801462 333.875291667 -17.7435277778 i 53554.5460957
801463 333.883958333 -17.7601666667 i 53554.5508791
801464 333.888083333 -17.7268611111 i 53554.5556618
801465 333.879333333 -17.7101944444 i 53554.5604468
801466 333.881666667 -17.7351944444 r 53554.5662000
801467 333.87525 -17.7435277778 r 53554.5703583
801468 333.884 -17.7601944444 r 53554.5744501
801469 333.888041667 -17.7268611111 r 53554.5785419
801470 333.879333333 -17.7102222222 r 53554.5826325
802314 333.881375 -17.7349166667 i 53558.5021120
802315 333.874958333 -17.74325 i 53558.5087551
802316 333.883708333 -17.7599166667 i 53558.5154075
802317 333.887791667 -17.7265833333 i 53558.5220611
802318 333.879041667 -17.7099166667 i 53558.5286978
802319 333.877 -17.71825 i 53558.5353439
802320 333.88575 -17.7516111111 i 53558.5419766
802321 333.881375 -17.7349166667 r 53558.5496035
802322 333.874958333 -17.74325 r 53558.5536964
802323 333.883708333 -17.7599166667 r 53558.5577917
802324 333.887791667 -17.7265833333 r 53558.5618788
802325 333.879041667 -17.7099166667 r 53558.5659764
802945 333.881375 -17.7348888889 i 53564.4677853
802946 333.874958333 -17.7432222222 i 53564.4747658
802947 333.883708333 -17.7599166667 i 53564.4800791
802948 333.887791667 -17.7266111111 i 53564.4876348
802950 333.881375 -17.7349444444 i 53564.5061645
802951 333.874958333 -17.7432777778 i 53564.5111254
802952 333.883708333 -17.7598888889 i 53564.5159151
802953 333.887791667 -17.7265833333 i 53564.5207041
802954 333.879041667 -17.7099166667 i 53564.5255332
802955 333.881375 -17.7348888889 i 53564.5303598
802956 333.874958333 -17.7432222222 i 53564.5351397
802957 333.883708333 -17.7599444444 i 53564.5404142
802958 333.887791667 -17.7265833333 i 53564.5466737
802959 333.879041667 -17.7099166667 i 53564.5514466
802961 333.881375 -17.7349166667 r 53564.5630038
802962 333.874958333 -17.74325 r 53564.5670904
802963 333.883708333 -17.7599166667 r 53564.5711775
802964 333.887791667 -17.7265555556 r 53564.5760661
802965 333.879041667 -17.7099166667 r 53564.5807574
802967 333.883708333 -17.7599166667 r 53564.5898536
802968 333.887791667 -17.7265833333 r 53564.5939124
802969 333.879083333 -17.7099166667 r 53564.5990828
803064 333.882541667 -17.7346666667 i 53565.4611348
803065 333.876125 -17.743 i 53565.4677438
803066 333.884875 -17.7596388889 i 53565.4743795
803067 333.888958333 -17.7263055556 i 53565.4810243
803068 333.880208333 -17.7096388889 i 53565.4876432
803069 333.878166667 -17.7179722222 i 53565.4942776
803070 333.886916667 -17.7513055556 i 53565.5009075
803081 333.882541667 -17.7346388889 r 53565.5574789
803082 333.876125 -17.7429722222 r 53565.5615383
803083 333.884875 -17.7596388889 r 53565.5655821
803084 333.888958333 -17.7263333333 r 53565.5696941
803085 333.880208333 -17.7096388889 r 53565.5737610
805312 333.881666667 -17.7343611111 i 53577.5476373
805313 333.87525 -17.7426944444 i 53577.5542278
805314 333.884 -17.7593611111 i 53577.5608182
805315 333.888083333 -17.7260277778 i 53577.5674035
805316 333.879333333 -17.7093333333 i 53577.5739905
805317 333.877291667 -17.7176944444 i 53577.5805781
805318 333.886041667 -17.7510277778 i 53577.5871709
805319 333.881666667 -17.7343888889 r 53577.5947492
805320 333.87525 -17.7427222222 r 53577.5987900
805321 333.883958333 -17.7593333333 r 53577.6028326
805322 333.888083333 -17.7260277778 r 53577.6068729
805323 333.879333333 -17.7093888889 r 53577.6109195
805436 333.881375 -17.7354722222 r 53578.4741268
805437 333.874958333 -17.7438055556 r 53578.4782944
805438 333.883708333 -17.7605 r 53578.4823804
805439 333.887791667 -17.7271388889 r 53578.4864930
805440 333.879041667 -17.7104722222 r 53578.4907335
805441 333.883708333 -17.7604722222 r 53578.4954236
805442 333.887791667 -17.7271388889 r 53578.4995102
805443 333.879041667 -17.7105 r 53578.5035979
805444 333.883708333 -17.7604722222 r 53578.5084304
805610 333.888083333 -17.726 r 53579.4877053
805611 333.879333333 -17.7093611111 r 53579.4917866
805623 333.879333333 -17.7093611111 r 53579.5501729
806063 333.882541667 -17.7354722222 i 53582.4509704
806064 333.876125 -17.7438333333 i 53582.4557525
806065 333.884875 -17.7604722222 i 53582.4605375
806066 333.888958333 -17.7271388889 i 53582.4653249
806067 333.880208333 -17.7105 i 53582.4701117
806068 333.882541667 -17.7355 r 53582.4758683
806069 333.876083333 -17.7438055556 r 53582.4799595
806070 333.884833333 -17.7604722222 r 53582.4840536
806072 333.888958333 -17.7271388889 r 53582.4933002
806073 333.880166667 -17.7104722222 r 53582.4974093
806593 333.882541667 -17.7351944444 i 53586.3941108
806594 333.876125 -17.7435277778 i 53586.4007401
806595 333.884875 -17.7601944444 i 53586.4073555
806596 333.888958333 -17.7268333333 i 53586.4139523
806597 333.880208333 -17.7101944444 i 53586.4205440
806598 333.878166667 -17.7185277778 i 53586.4271333
806599 333.886916667 -17.7518611111 i 53586.4337278
806600 333.882541667 -17.7351944444 i 53586.4403183
806601 333.876125 -17.7435277778 i 53586.4469100
806602 333.884875 -17.7601944444 i 53586.4535051
806603 333.888958333 -17.7268611111 i 53586.4600973
806604 333.880208333 -17.7101944444 i 53586.4666918
806605 333.878166667 -17.7185277778 i 53586.4732841
806606 333.886916667 -17.7518611111 i 53586.4798757
806607 333.882541667 -17.7351944444 r 53586.4873660
806608 333.876125 -17.7435277778 r 53586.4914219
806609 333.884875 -17.7601944444 r 53586.4954680
806610 333.888958333 -17.7268611111 r 53586.4995146
806611 333.880208333 -17.7101944444 r 53586.5035653
806612 333.888916667 -17.7268611111 r 53586.5076102
806613 333.880208333 -17.7101944444 r 53586.5116609
806892 333.882541667 -17.7346388889 i 53591.4257050
806893 333.876083333 -17.7429722222 i 53591.4304443
806894 333.884875 -17.7596666667 i 53591.4352189
806895 333.888958333 -17.7263055556 i 53591.4400386
806896 333.88025 -17.7096388889 i 53591.4448254
806897 333.8825 -17.7346111111 i 53591.4496822
806898 333.882541667 -17.7346388889 r 53591.4555088
806899 333.876125 -17.7429722222 r 53591.4596000
806900 333.884875 -17.7596388889 r 53591.4636837
806901 333.888958333 -17.7263055556 r 53591.4678171
806902 333.880208333 -17.7096388889 r 53591.4719222
806903 333.882541667 -17.7346388889 r 53591.4776129
806972 333.881958333 -17.7343611111 r 53592.3949834
806973 333.875541667 -17.7426944444 r 53592.3990706
806974 333.884291667 -17.7593611111 r 53592.4031722
806975 333.888375 -17.7260277778 r 53592.4072686
806976 333.879625 -17.7093611111 r 53592.4113667
806977 333.879625 -17.7093611111 r 53592.4156269
806978 333.879625 -17.7093611111 r 53592.4197384
807240 333.881958333 -17.7343611111 i 53594.3812433
807241 333.875541667 -17.7427222222 i 53594.3878338
807242 333.884291667 -17.7593611111 i 53594.3944243
807243 333.888375 -17.7260277778 i 53594.4010124
807244 333.879625 -17.7093611111 i 53594.4076434
807245 333.877583333 -17.7176944444 i 53594.4142895
807246 333.886333333 -17.7510277778 i 53594.4209419
807247 333.881958333 -17.7343333333 r 53594.4285462
807248 333.875541667 -17.7426944444 r 53594.4326501
807249 333.884291667 -17.7593611111 r 53594.4367413
807250 333.888375 -17.7260277778 r 53594.4408238
807251 333.879625 -17.7093611111 r 53594.4448792
809358 333.881666667 -17.7343611111 i 53609.3433093
809359 333.87525 -17.7426944444 i 53609.3499055
809360 333.884 -17.7593888889 i 53609.3565323
809361 333.888083333 -17.7260277778 i 53609.3632060
809362 333.879333333 -17.7093611111 i 53609.3698334
809363 333.877291667 -17.7176944444 i 53609.3764389
809364 333.886041667 -17.7510277778 i 53609.3830582
809365 333.881666667 -17.7343611111 r 53609.3906184
809366 333.87525 -17.7426944444 r 53609.3947078
809367 333.884 -17.7593611111 r 53609.3987984
809368 333.888083333 -17.7260277778 r 53609.4028918
809369 333.879333333 -17.7093611111 r 53609.4069760
809818 333.881958333 -17.7354722222 i 53613.3152060
809819 333.875541667 -17.7438055556 i 53613.3199500
809820 333.884291667 -17.7604444444 i 53613.3246933
809821 333.888375 -17.7271388889 i 53613.3294355
809822 333.879625 -17.7104722222 i 53613.3346465
809823 333.881958333 -17.7354722222 i 53613.3393916
809824 333.875541667 -17.7438055556 i 53613.3575549
809825 333.884291667 -17.7604722222 i 53613.3741749
809826 333.888375 -17.7271388889 i 53613.3790039
809827 333.879625 -17.7104722222 i 53613.3837478
809828 333.888375 -17.7271388889 i 53613.3886214
809829 333.881958333 -17.7354444444 r 53613.3944093
809830 333.875541667 -17.7438055556 r 53613.3984605
809831 333.884291667 -17.7604722222 r 53613.4025107
809832 333.888375 -17.7271388889 r 53613.4065608
809833 333.879625 -17.7104722222 r 53613.4106097
809834 333.888375 -17.7271388889 r 53613.4147050
810276 333.882541667 -17.7352222222 i 53617.3483654
810277 333.876125 -17.7435277778 i 53617.3550439
810278 333.884875 -17.7601944444 i 53617.3616465
810279 333.888958333 -17.7268611111 i 53617.3682509
810280 333.880208333 -17.7101944444 i 53617.3748807
810281 333.878166667 -17.7185277778 i 53617.3815239
810282 333.886916667 -17.7518611111 i 53617.3882052
810283 333.882541667 -17.7352222222 r 53617.3958622
810284 333.876125 -17.7435277778 r 53617.3999574
810285 333.884875 -17.7601944444 r 53617.4040666
810286 333.888958333 -17.7268333333 r 53617.4081809
810287 333.880208333 -17.7101944444 r 53617.4122924
810948 333.881666667 -17.7346388889 i 53622.3213957
810949 333.87525 -17.7429722222 i 53622.3261454
810950 333.884 -17.7596388889 i 53622.3309154
810951 333.888083333 -17.7262777778 i 53622.3357027
810952 333.879291667 -17.7096388889 i 53622.3404866
810953 333.881666667 -17.7346388889 i 53622.3453307
810954 333.888083333 -17.7263055556 i 53622.3501238
810955 333.879333333 -17.7096388889 i 53622.3549164
810961 333.881625 -17.7346388889 r 53622.3778804
810962 333.87525 -17.7429722222 r 53622.3819797
810963 333.884 -17.7596388889 r 53622.3860443
810964 333.888083333 -17.7263055556 r 53622.3900938
810965 333.879333333 -17.7096388889 r 53622.3941405
811238 333.881333333 -17.7352222222 i 53624.3034348
811239 333.874958333 -17.7435277778 i 53624.3100287
811240 333.883708333 -17.7601944444 i 53624.3166476
811241 333.887791667 -17.7268611111 i 53624.3232629
811242 333.879041667 -17.7101944444 i 53624.3298534
811243 333.877 -17.7185 i 53624.3364439
811244 333.885708333 -17.7518611111 i 53624.3430355
811246 333.881375 -17.7351944444 r 53624.3542380
811247 333.874958333 -17.7435277778 r 53624.3582847
811248 333.874958333 -17.7435277778 r 53624.3623336
811249 333.883708333 -17.7601944444 r 53624.3663826
811250 333.887791667 -17.7268611111 r 53624.3704298
811251 333.879041667 -17.7101944444 r 53624.3744782
814575 333.881375 -17.7343888889 i 53639.2710445
814576 333.874916667 -17.7426944444 i 53639.2776442
814577 333.883708333 -17.7593611111 i 53639.2842393
814578 333.887791667 -17.7260277778 i 53639.2908327
814579 333.879041667 -17.7093611111 i 53639.2974313
814580 333.877 -17.7176944444 i 53639.3040252
814581 333.88575 -17.7510277778 i 53639.3106603
814588 333.881333333 -17.7343611111 r 53639.3382450
814589 333.874958333 -17.7426944444 r 53639.3423130
814590 333.883708333 -17.7593611111 r 53639.3464031
814591 333.887791667 -17.726 r 53639.3505024
814592 333.879041667 -17.7093611111 r 53639.3545698
815059 333.881958333 -17.7354722222 i 53642.2403637
815060 333.875541667 -17.7438055556 i 53642.2451111
815061 333.884291667 -17.7604722222 i 53642.2498585
815062 333.888375 -17.7271666667 i 53642.2546413
815063 333.879625 -17.7104722222 i 53642.2593898
815065 333.881958333 -17.7355 r 53642.2663946
815066 333.875541667 -17.7438055556 r 53642.2704453
815067 333.884291667 -17.7604722222 r 53642.2745742
815068 333.888375 -17.7271388889 r 53642.2786249
815069 333.879625 -17.7104722222 r 53642.2826773
815659 333.881958333 -17.7343611111 i 53647.2417811
815660 333.875541667 -17.7426944444 i 53647.3109983
815661 333.884291667 -17.7593611111 i 53647.3176015
815662 333.888375 -17.7260277778 i 53647.3242065
815663 333.879625 -17.7093611111 i 53647.3308062
815664 333.877583333 -17.7176944444 i 53647.3375228
815665 333.886333333 -17.7510277778 i 53647.3441255
815666 333.881958333 -17.7343611111 i 53647.3507576
815667 333.886333333 -17.7510277778 i 53647.3574991
815668 333.881958333 -17.7343611111 i 53647.3642927
815669 333.886333333 -17.7510277778 i 53647.3709220
815670 333.886333333 -17.7510277778 i 53647.3777243
815671 333.886333333 -17.7510277778 i 53647.3843240
815745 333.875833333 -17.7435277778 r 53648.2574716
815746 333.884583333 -17.7601944444 r 53648.2615229
815747 333.888666667 -17.7268611111 r 53648.2655736
815748 333.879916667 -17.7102222222 r 53648.2696208
816478 333.881375 -17.7343611111 i 53651.2456670
816479 333.874958333 -17.7426944444 i 53651.2504254
816480 333.883708333 -17.7593611111 i 53651.2551954
816481 333.887791667 -17.7260277778 i 53651.2600221
816482 333.879041667 -17.7093611111 i 53651.2648083
816483 333.881375 -17.7343611111 r 53651.2705464
816484 333.874958333 -17.7426666667 r 53651.2746428
816485 333.883708333 -17.7593611111 r 53651.2787305
816486 333.887791667 -17.7260277778 r 53651.2828414
816487 333.879041667 -17.7093611111 r 53651.2869343
816855 333.882541667 -17.7346388889 i 53654.2181030
816856 333.876125 -17.7429722222 i 53654.2247542
816857 333.884875 -17.7596111111 i 53654.2313904
816858 333.888958333 -17.7263055556 i 53654.2380371
816859 333.880208333 -17.7096388889 i 53654.2446409
816861 333.886916667 -17.7513333333 i 53654.2578525
816862 333.882541667 -17.7346666667 r 53654.2655112
816863 333.876125 -17.7429722222 r 53654.2695972
816864 333.884875 -17.7596388889 r 53654.2736954
816865 333.888958333 -17.7263055556 r 53654.2777970
816866 333.880208333 -17.7096388889 r 53654.2818905
819632 333.8825 -17.7354444444 i 53666.2485318
819633 333.876125 -17.7438055556 i 53666.2551755
819634 333.884833333 -17.7604722222 i 53666.2618707
819635 333.888958333 -17.7271111111 i 53666.2685318
819636 333.880208333 -17.7104722222 i 53666.2751923
819637 333.878166667 -17.7188055556 i 53666.2817863
819638 333.886875 -17.7521666667 i 53666.2884063
819639 333.8825 -17.7354722222 r 53666.2960575
819641 333.882541667 -17.7354722222 r 53666.3159791
819642 333.876125 -17.7438055556 r 53666.3201102
819643 333.884875 -17.7604722222 r 53666.3241893
819644 333.888958333 -17.7271388889 r 53666.3283674
819645 333.880208333 -17.7104722222 r 53666.3324586
819689 333.877291667 -17.718 i 53667.3300579
819690 333.886041667 -17.7513055556 i 53667.3367230
820358 333.881375 -17.7349166667 i 53670.2022150
820359 333.874958333 -17.74325 i 53670.2070264
820360 333.883666667 -17.7599166667 i 53670.2118295
820361 333.887791667 -17.7265833333 i 53670.2166891
820362 333.879041667 -17.7099166667 i 53670.2215054
820368 333.881375 -17.7349166667 r 53670.2447084
820369 333.874958333 -17.74325 r 53670.2488204
820370 333.883708333 -17.7599166667 r 53670.2530123
820371 333.88775 -17.7265833333 r 53670.2571226
820372 333.879041667 -17.7099166667 r 53670.2612300
820651 333.88225 -17.7351944444 i 53674.2115969
820652 333.875833333 -17.7435277778 i 53674.2183124
820653 333.884583333 -17.7601944444 i 53674.2249498
820654 333.888666667 -17.7268611111 i 53674.2316155
820655 333.879916667 -17.7101944444 i 53674.2383061
820656 333.877875 -17.7185277778 i 53674.2449702
820657 333.886625 -17.7518611111 i 53674.2516428
820658 333.88225 -17.7351666667 r 53674.2594357
820659 333.875791667 -17.7435277778 r 53674.2635640
820660 333.884541667 -17.7601944444 r 53674.2677067
820661 333.888666667 -17.7268611111 r 53674.2718349
820662 333.879916667 -17.7101944444 r 53674.2759458
821456 333.881958333 -17.7349166667 i 53678.1939767
821457 333.875541667 -17.74325 i 53678.1987421
821458 333.88425 -17.7599166667 i 53678.2035242
821459 333.888375 -17.7265833333 i 53678.2082745
821460 333.879625 -17.7099166667 i 53678.2130428
821461 333.881958333 -17.7349444444 r 53678.2188034
821462 333.8755 -17.74325 r 53678.2228657
821463 333.88425 -17.7598888889 r 53678.2269280
821464 333.888375 -17.7265833333 r 53678.2310157
821465 333.879625 -17.7099444444 r 53678.2350699
821466 333.8755 -17.74325 r 53678.2391518
821467 333.879625 -17.7098888889 r 53678.2432292
821468 333.875541667 -17.7432222222 r 53678.2472885
821469 333.875541667 -17.74325 r 53678.2519625
821813 333.8825 -17.7354722222 i 53681.1925421
821814 333.876125 -17.7438055556 i 53681.1991436
821815 333.884875 -17.7604722222 i 53681.2057612
821816 333.888958333 -17.7271388889 i 53681.2123668
821817 333.880208333 -17.7104722222 i 53681.2190655
821818 333.878125 -17.7188055556 i 53681.2257318
821819 333.886916667 -17.7521388889 i 53681.2324183
821820 333.882541667 -17.7354722222 r 53681.2402836
821821 333.876125 -17.7438055556 r 53681.2443900
821822 333.884875 -17.7604722222 r 53681.2484922
821823 333.888958333 -17.7271388889 r 53681.2526922
821824 333.880208333 -17.7104722222 r 53681.2567991
821825 333.882541667 -17.7354722222 r 53681.2610043
826485 333.881666667 -17.7351944444 i 53699.1955052
826486 333.87525 -17.7435277778 i 53699.2021628
826487 333.884 -17.7601944444 i 53699.2088129
826488 333.888083333 -17.7268611111 i 53699.2154196
826489 333.879291667 -17.7101944444 i 53699.2220240
826490 333.877333333 -17.7185277778 i 53699.2286665
826491 333.886 -17.7518611111 i 53699.2353612
826492 333.881666667 -17.7351666667 r 53699.2430859
826493 333.87525 -17.7435277778 r 53699.2472187
826494 333.884 -17.7601944444 r 53699.2514754
826495 333.888083333 -17.7268611111 r 53699.2556077
826496 333.879333333 -17.7101944444 r 53699.2597325
827104 333.881958333 -17.7354722222 i 53705.2093195
827105 333.875541667 -17.7438055556 i 53705.2141290
827106 333.884291667 -17.7604722222 i 53705.2189806
827107 333.888375 -17.7271388889 i 53705.2237569
827108 333.879625 -17.7104722222 i 53705.2285530
827114 333.881958333 -17.7354722222 r 53705.2516986
827115 333.875541667 -17.7438055556 r 53705.2559021
827116 333.884291667 -17.7604722222 r 53705.2600170
827117 333.888375 -17.7271388889 r 53705.2641563
827118 333.879625 -17.7104722222 r 53705.2682897
827478 333.881666667 -17.7351666667 i 53709.1953085
827479 333.87525 -17.7435277778 i 53709.2001629
827480 333.884 -17.7601944444 i 53709.2049740
827481 333.888083333 -17.7268611111 i 53709.2097631
827482 333.879333333 -17.7101944444 i 53709.2145799
827483 333.881666667 -17.7351944444 r 53709.2205026
827484 333.87525 -17.7435277778 r 53709.2246129
827485 333.884 -17.7601944444 r 53709.2287521
827486 333.888083333 -17.7268611111 r 53709.2328989
827487 333.879291667 -17.7102222222 r 53709.2370237
