704893 333.882541667 -17.7351666667 i 52795.58022 2003-06-05T13:55:30.98 1.437 520.054 2000
704895 333.886333333 -17.7371111111 i 52795.58941 2003-06-05T14:08:45.38 1.393 520.063 2000
704896 333.888375 -17.7332222222 i 52795.59608 2003-06-05T14:18:21.60 1.366 520.054 2000
704897 333.884583333 -17.7315833333 i 52795.60288 2003-06-05T14:28:08.87 1.341 520.072 2000
705197 333.881375 -17.7351944444 i 52796.58049 2003-06-06T13:55:54.16 1.422 520.073 2000
705198 333.882833333 -17.7393611111 i 52796.58813 2003-06-06T14:06:54.47 1.387 520.063 2000
705199 333.88575 -17.7365833333 i 52796.59552 2003-06-06T14:17:32.64 1.357 520.074 2000
705308 333.882541667 -17.7346666667 r 52797.58269 2003-06-07T13:59:04.51 1.398 360.04 2000
705309 333.879583333 -17.7355277778 r 52797.5878 2003-06-07T14:06:26.33 1.377 360.057 2000
705310 333.883416667 -17.7374166667 r 52797.59291 2003-06-07T14:13:47.41 1.357 360.041 2000
705311 333.885458333 -17.7337777778 r 52797.59804 2003-06-07T14:21:10.89 1.339 360.033 2000
705312 333.881666667 -17.7318333333 r 52797.60315 2003-06-07T14:28:31.76 1.324 360.052 2000
707183 333.881958333 -17.7348888889 i 52812.54825 2003-06-22T13:09:29.18 1.371 520.037 2000
707184 333.879 -17.7357222222 i 52812.55527 2003-06-22T13:19:35.20 1.345 520.054 2000
707186 333.884833333 -17.7340555556 i 52812.56929 2003-06-22T13:39:46.98 1.306 520.044 2000
707491 333.881666667 -17.7351666667 r 52814.53853 2003-06-24T12:55:29.11 1.389 360.035 2000
707492 333.881666667 -17.7351944444 r 52814.54459 2003-06-24T13:04:12.79 1.364 360.051 2000
707493 333.87875 -17.7360277778 r 52814.54974 2003-06-24T13:11:37.96 1.346 360.055 2000
707494 333.882541667 -17.7379444444 r 52814.55489 2003-06-24T13:19:02.89 1.329 360.055 2000
707495 333.884583333 -17.7343611111 r 52814.56005 2003-06-24T13:26:28.71 1.315 360.051 2000
707496 333.880791667 -17.7323888889 r 52814.56525 2003-06-24T13:33:57.79 1.302 360.043 2000
707695 333.881375 -17.7355 i 52816.54708 2003-06-26T13:07:47.89 1.337 520.037 2000
707696 333.878416667 -17.7363055556 i 52816.55407 2003-06-26T13:17:51.30 1.316 520.052 2000
707697 333.88225 -17.73825 i 52816.56106 2003-06-26T13:27:55.37 1.3 520.049 2000
707698 333.884291667 -17.7346111111 i 52816.56806 2003-06-26T13:38:00.64 1.286 520.054 2000
707699 333.8805 -17.7326944444 i 52816.57505 2003-06-26T13:48:03.90 1.275 520.033 2000
707700 333.879333333 -17.7335277778 i 52816.58203 2003-06-26T13:58:07.82 1.268 520.04 2000
707701 333.883416667 -17.7373888889 i 52816.58903 2003-06-26T14:08:12.09 1.263 520.035 2000
707907 333.881958333 -17.7343611111 r 52818.56176 2003-06-28T13:28:55.67 1.287 360.055 2000
707908 333.879041667 -17.7351388889 r 52818.5669 2003-06-28T13:36:20.20 1.279 360.039 2000
707909 333.882833333 -17.7371111111 r 52818.57202 2003-06-28T13:43:42.57 1.272 360.047 2000
707910 333.884875 -17.7335277778 r 52818.57723 2003-06-28T13:51:12.70 1.267 360.04 2000
707911 333.881083333 -17.7315833333 r 52818.58255 2003-06-28T13:58:52.67 1.264 360.036 2000
708123 333.87925 -17.7346111111 i 52820.56163 2003-06-30T13:28:44.44 1.279 520.05 2000
708124 333.876375 -17.7354722222 i 52820.56863 2003-06-30T13:38:50.06 1.27 520.05 2000
708125 333.880166667 -17.7374166667 i 52820.57563 2003-06-30T13:48:54.37 1.264 520.058 2000
708126 333.882208333 -17.7337777778 i 52820.58261 2003-06-30T13:58:57.29 1.262 520.037 2000
708127 333.878416667 -17.7318611111 i 52820.58961 2003-06-30T14:09:02.56 1.261 520.041 2000
708128 333.87725 -17.7326944444 i 52820.59661 2003-06-30T14:19:07.17 1.264 520.037 2000
708129 333.881333333 -17.7365833333 i 52820.60363 2003-06-30T14:29:13.39 1.269 520.034 2000
708509 333.881375 -17.7351666667 i 52824.5313 2003-07-04T12:45:04.30 1.319 520.041 2000
708510 333.878458333 -17.7360833333 i 52824.53823 2003-07-04T12:55:02.67 1.302 520.032 2000
708511 333.88225 -17.7379722222 i 52824.54516 2003-07-04T13:05:01.94 1.288 520.035 2000
708512 333.884291667 -17.7343611111 i 52824.55213 2003-07-04T13:15:03.86 1.277 520.051 2000
708513 333.8805 -17.7323888889 i 52824.55914 2003-07-04T13:25:09.77 1.269 520.035 2000
708514 333.879333333 -17.73325 i 52824.56611 2003-07-04T13:35:12.29 1.264 520.049 2000
708515 333.883416667 -17.7371111111 i 52824.57309 2003-07-04T13:45:14.61 1.261 520.046 2000
711784 333.881375 -17.7351944444 i 52842.48939 2003-07-22T11:44:43.19 1.301 520.052 2000
711785 333.878458333 -17.7360555556 i 52842.4965 2003-07-22T11:54:57.85 1.287 520.048 2000
711786 333.88225 -17.738 i 52842.50362 2003-07-22T12:05:12.67 1.276 520.054 2000
711787 333.884291667 -17.7343333333 i 52842.51076 2003-07-22T12:15:29.49 1.268 520.077 2000
711788 333.880458333 -17.7323888889 i 52842.51787 2003-07-22T12:25:44.05 1.263 520.092 2000
711789 333.879333333 -17.73325 i 52842.52499 2003-07-22T12:35:58.92 1.261 520.093 2000
711790 333.883416667 -17.7371388889 i 52842.53212 2003-07-22T12:46:15.03 1.262 520.103 2000
711791 333.881375 -17.7352222222 r 52842.54035 2003-07-22T12:58:06.14 1.266 360.102 2000
711792 333.878458333 -17.736 r 52842.54562 2003-07-22T13:05:41.87 1.272 360.073 2000
711793 333.88225 -17.7379722222 r 52842.55089 2003-07-22T13:13:16.95 1.278 360.094 2000
711794 333.884291667 -17.7343888889 r 52842.55619 2003-07-22T13:20:54.47 1.286 360.103 2000
711795 333.8805 -17.7324444444 r 52842.56149 2003-07-22T13:28:33.05 1.296 360.089 2000
712705 333.881375 -17.7349444444 i 52851.46484 2003-07-31T11:09:21.85 1.301 520.043 2000
712706 333.878458333 -17.7357777778 i 52851.47193 2003-07-31T11:19:34.77 1.287 520.045 2000
712707 333.88225 -17.73775 i 52851.47902 2003-07-31T11:29:47.13 1.276 520.042 2000
712708 333.88425 -17.7340833333 i 52851.48612 2003-07-31T11:40:00.70 1.268 520.059 2000
712709 333.8805 -17.7320833333 i 52851.49321 2003-07-31T11:50:13.01 1.263 520.054 2000
712710 333.879333333 -17.7329166667 i 52851.50034 2003-07-31T12:00:29.73 1.261 520.051 2000
712711 333.883375 -17.7368333333 i 52851.50745 2003-07-31T12:10:43.90 1.262 520.052 2000
712718 333.881375 -17.7349166667 r 52851.53644 2003-07-31T12:52:28.06 1.296 360.047 2000
712719 333.878458333 -17.73575 r 52851.54169 2003-07-31T13:00:01.88 1.307 360.055 2000
712721 333.878458333 -17.73575 r 52851.55477 2003-07-31T13:18:51.87 1.344 360.044 2000
712722 333.884291667 -17.7340833333 r 52851.56001 2003-07-31T13:26:25.25 1.363 360.058 2000
712723 333.8805 -17.7320555556 r 52851.56526 2003-07-31T13:33:58.12 1.384 360.052 2000
712891 333.881666667 -17.7352222222 r 52852.49159 2003-08-01T11:47:53.73 1.263 360.052 2000
714505 333.881625 -17.7352222222 i 52872.43001 2003-08-21T10:19:12.83 1.267 520.069 2000
714506 333.877291667 -17.7364722222 i 52872.43764 2003-08-21T10:30:11.84 1.262 520.078 2000
714507 333.882958333 -17.7393333333 i 52872.4452 2003-08-21T10:41:04.95 1.261 520.071 2000
714508 333.886041667 -17.7339166667 i 52872.45283 2003-08-21T10:52:04.67 1.263 520.079 2000
714509 333.880333333 -17.7310277778 i 52872.46054 2003-08-21T11:03:10.48 1.268 520.075 2000
714511 333.878625 -17.7321944444 i 52872.47522 2003-08-21T11:24:19.20 1.288 520.072 2000
714512 333.884708333 -17.7381388889 i 52872.48293 2003-08-21T11:35:24.87 1.304 520.07 2000
714513 333.880333333 -17.7310277778 i 52872.49198 2003-08-21T11:48:26.87 1.327 520.06 2000
715205 333.881375 -17.7351666667 i 52876.4613 2003-08-25T11:04:16.19 1.283 520.052 2000
715206 333.877 -17.7364444444 i 52876.46881 2003-08-25T11:15:05.20 1.297 520.047 2000
715207 333.882708333 -17.7393611111 i 52876.47625 2003-08-25T11:25:48.32 1.314 520.064 2000
715208 333.88575 -17.7338888889 i 52876.48367 2003-08-25T11:36:29.13 1.335 520.057 2000
715209 333.880083333 -17.7310277778 i 52876.49111 2003-08-25T11:47:11.64 1.36 520.058 2000
715210 333.878291667 -17.7323055556 i 52876.49855 2003-08-25T11:57:54.86 1.39 520.074 2000
715211 333.884416667 -17.7381388889 i 52876.50599 2003-08-25T12:08:37.77 1.425 520.08 2000
715698 333.881958333 -17.7343055556 i 52880.36809 2003-08-29T8:50:03.23 1.351 520.037 2000
715699 333.881958333 -17.7343333333 i 52880.3791 2003-08-29T9:05:54.12 1.317 520.067 2000
715700 333.877583333 -17.7356111111 i 52880.38576 2003-08-29T9:15:29.24 1.301 520.05 2000
715780 333.88225 -17.7351944444 i 52881.34849 2003-08-30T8:21:49.20 1.421 520.054 2000
715781 333.877875 -17.7364444444 i 52881.35513 2003-08-30T8:31:22.96 1.391 520.063 2000
715782 333.883541667 -17.7393611111 i 52881.36176 2003-08-30T8:40:56.03 1.364 520.068 2000
715783 333.886625 -17.7339444444 i 52881.36839 2003-08-30T8:50:29.20 1.341 520.066 2000
715784 333.880916667 -17.7310555556 i 52881.37503 2003-08-30T9:00:02.66 1.321 520.069 2000
715786 333.879166667 -17.7323333333 i 52881.39642 2003-08-30T9:30:50.66 1.277 520.091 2000
715787 333.885291667 -17.7381388889 i 52881.40303 2003-08-30T9:40:21.47 1.269 520.072 2000
716120 333.882541667 -17.7346388889 i 52885.44203 2003-09-03T10:36:31.13 1.292 520.06 2000
716121 333.878166667 -17.7358611111 i 52885.44865 2003-09-03T10:46:03.45 1.307 520.048 2000
716122 333.883833333 -17.7388333333 i 52885.45528 2003-09-03T10:55:36.07 1.324 520.033 2000
716123 333.886916667 -17.7333611111 i 52885.46191 2003-09-03T11:05:09.23 1.344 520.047 2000
716124 333.881208333 -17.7304444444 i 52885.46855 2003-09-03T11:14:42.60 1.368 520.044 2000
716125 333.879458333 -17.7316944444 i 52885.47517 2003-09-03T11:24:14.82 1.396 520.056 2000
716126 333.885583333 -17.7375277778 i 52885.48181 2003-09-03T11:33:48.24 1.427 520.054 2000
